0.342955
3.38103
-2.75741
1
-3.78384
3.39912
-4.55381
2
1.31816
3.38103
-4.31431
1
-0.84712
3.39913
-1.17317
2
1.31816
3.38103
-4.31431
1
-0.847121
3.39912
-4.53674
2
0.342955
3.38103
-2.75741
1
1.31816
3.38103
-4.31431
1
1.31816
3.38103
-4.31431
1
-3.78384
3.39912
-4.55381
2
5.21413
3.39913
0.619595
2
5.07753
3.39913
-0.985359
2
0.342955
3.38103
-2.75741
1
1.31816
3.38103
-4.31431
1
1.31816
3.38103
-4.31431
1
-3.78384
3.39912
-4.55381
2
5.11169
3.39912
-5.44166
2
5.12876
3.39912
-3.49523
2
0.342955
3.38103
-2.75741
1
1.31816
3.38103
-4.31431
1
1.31816
3.38103
-4.31431
1
-3.78384
3.39912
-4.55381
2
7.28008
3.39912
-3.27326
2
7.36544
3.39913
-0.404845
2
